91, 
218, 170, 111, 154, 
93, 197, 6, 86, 
166, 132, 93, 94, 
102, 75, 69, 114, 
88, 237, 76, 47, 
239, 235, 180, 46, 
153, 226, 81, 177, 
139, 30, 17, 0, 
188, 17, 164, 124, 
217, 149, 23, 186, 
54, 57, 75, 184, 
239, 224, 201, 33, 
166, 9, 223, 114, 
189, 76, 103, 86, 
3, 65, 33, 99, 
141, 147, 75, 182, 
240, 252, 54, 225, 
115, 4, 109, 160, 
3, 194, 75, 127, 
175, 52, 121, 143, 
155, 96, 225, 22, 
95, 89, 249, 92, 
240, 132, 107, 239, 
93, 214, 133, 38, 
50, 13, 203, 73, 
67, 76, 47, 78, 
214, 30, 94, 36, 
45, 199, 91, 204, 
156, 52, 194, 74, 
245, 56, 72, 214, 
73, 208, 124, 34, 
106, 11, 137, 232, 
132, 175, 172, 161, 
213, 29, 117, 210, 
62, 107, 217, 187, 
103, 208, 20, 42, 
131, 225, 89, 189, 
51, 75, 191, 131, 
251, 112, 27, 227, 
170, 94, 249, 93, 
79, 142, 42, 177, 
116, 246, 109, 227, 
7, 235, 110, 183, 
158, 214, 95, 238, 
186, 248, 43, 56, 
51, 114, 60, 6, 
93, 111, 156, 220, 
18, 43, 170, 153, 
101, 23, 27, 103, 
198, 13, 236, 97, 
148, 1, 130, 18, 
143, 151, 181, 234, 
119, 54, 153, 74, 
175, 159, 9, 88, 
101, 149, 114, 217, 
15, 165, 76, 242, 
162, 247, 71, 150, 
121, 6, 180, 171, 
161, 86, 48, 99, 
129, 45, 224, 54, 
88, 42, 224, 202, 
157, 67, 192, 101, 
213, 185, 196, 131, 
169, 17, 125, 219, 
246, 177, 66, 135, 
21, 118, 177, 122, 
142, 33, 126, 87, 
241, 149, 63, 148, 
237, 221, 234, 78, 
215, 192, 144, 64, 
168, 82, 146, 167, 
129, 238, 248, 41, 
205, 188, 118, 163, 
14, 1, 161, 229, 
87, 68, 40, 45, 
81, 181, 83, 198, 
47, 63, 161, 235, 
166, 253, 45, 97, 
144, 71, 220, 187, 
65, 151, 53, 197, 
190, 76, 95, 73, 
103, 191, 84, 174, 
120, 12, 189, 181, 
249, 65, 118, 247, 
180, 105, 159, 4, 
215, 127, 72, 122, 
32, 173, 82, 82, 
127, 110, 51, 150, 
90, 219, 125, 96, 
92, 53, 2, 120, 
114, 240, 1, 222, 
232, 53, 152, 161, 
14, 185, 160, 145, 
238, 152, 189, 70, 
188, 206, 103, 189, 
162, 124, 232, 251, 
108, 123, 151, 207, 
10, 46, 104, 211, 
106, 251, 92, 169, 
60, 36, 242, 67, 
233, 111, 115, 29, 
66, 247, 38, 26, 
142, 122, 253, 8, 
231, 235, 6, 64, 
240, 174, 162, 203, 
133, 240, 194, 221, 
34, 203, 3, 235, 
24, 146, 135, 66, 
15, 94, 131, 47, 
62, 10, 136, 115, 
123, 112, 86, 164, 
38, 149, 55, 62, 
162, 190, 89, 41, 
226, 21, 177, 29, 
246, 41, 194, 75, 
202, 118, 72, 35, 
229, 199, 45, 194, 
53, 199, 132, 20, 
244, 29, 125, 107, 
173, 79, 28, 195, 
170, 121, 73, 9, 
169, 123, 205, 244, 
174, 208, 123, 129, 
234, 37, 35, 94, 
43, 97, 9, 181, 
71, 220, 83, 65, 
140, 245, 232, 220, 
65, 164, 58, 66, 
100, 56, 222, 166, 
69, 42, 87, 31, 
1, 180, 167, 117, 
38, 27, 98, 192, 
136, 222, 104, 90, 
192, 153, 174, 233, 
182, 231, 129, 44, 
79, 81, 166, 114, 
158, 194, 241, 94, 
90, 23, 247, 154, 
33, 253, 82, 241, 
142, 252, 113, 33, 
88, 34, 80, 58, 
198, 136, 248, 69, 
25, 33, 170, 60, 
103, 160, 215, 242, 
204, 82, 0, 228, 
76, 152, 204, 67, 
244, 220, 30, 14, 
111, 7, 136, 145, 
183, 43, 15, 175, 
68, 214, 10, 67, 
83, 216, 163, 236, 
182, 187, 98, 6, 
106, 129, 90, 14, 
166, 38, 114, 30, 
194, 18, 194, 223, 
33, 102, 40, 214, 
250, 246, 125, 162, 
43, 18, 111, 95, 
24, 111, 48, 128, 
12, 248, 167, 102, 
16, 76, 120, 172, 
250, 117, 146, 211, 
198, 40, 216, 133, 
44, 2, 240, 142, 
113, 37, 225, 251, 
138, 122, 94, 107, 
43, 42, 134, 115, 
111, 231, 68, 248, 
205, 157, 147, 84, 
55, 209, 101, 234, 
240, 69, 215, 231, 
82, 51, 163, 72, 
214, 173, 48, 220, 
213, 15, 146, 42, 
87, 233, 60, 169, 
53, 169, 252, 155, 
93, 243, 55, 137, 
62, 20, 5, 165, 
127, 250, 94, 216, 
48, 223, 99, 184, 
204, 200, 162, 14, 
221, 212, 40, 31, 
179, 109, 223, 167, 
215, 237, 84, 153, 
144, 65, 190, 136, 
167, 188, 157, 1, 
56, 27, 160, 160, 
145, 246, 212, 207, 
215, 205, 118, 138, 
49, 109, 59, 208, 
34, 211, 80, 119, 
128, 48, 85, 